163 80 32 13
116 7 146 118 158 155 11 147 109 110 72 138 38 154 0 136 98 30 9 40 148 44 91 124 10 53 78 133 15 143 125 49
93 138
20 65
69 131
3 79
15 88
36 144
12 113
10 148
66 86
20 74
67 79
99 130
32 34
21 125
79 102
54 102
37 78
1 104
83 110
80 135
31 148
21 138
2 79
96 98
31 98
89 159
62 122
59 121
69 128
3 154
88 109
22 161
49 115
73 99
6 39
31 60
33 53
54 116
109 157
26 124
84 99
54 146
134 149
121 137
89 102
31 155
57 59
86 155
150 161
18 136
64 74
48 113
7 72
74 120
17 151
48 152
94 135
74 103
66 135
3 21
45 82
75 103
99 119
40 153
0 86
138 141
25 41
114 134
12 140
24 54
39 62
8 62
110 116
131 148
5 83
83 143
34 76
9 51
76 148
46 70