1000
3576513 78419
2205853 954652
761658 962936
37869 940536
5648390 170044
6798617 176188
3195242 958706
4657792 56484
9855874 216392
9195176 625649
8321238 267586
1097523 152284
365351 134914
6746327 614366
1105284 883301
7800898 103962
2895107 607247
8645828 689773
4080385 746728
8929933 188308
3763841 893092
389839 398078
2262731 188071
4551094 139888
9682930 233204
5684522 377990
289337 646200
9540543 645367
5667408 873670
581147 796547
7673790 552778
6389550 217200
781540 220073
9558953 777158
8502645 275211
8650615 296161
5147842 942792
8197910 378190
3077036 321504
1047760 704134
393346 898163
3208845 232894
6610734 80145
5298338 150948
7754088 411945
3481291 410261
6467086 352953
6222102 813034
6535550 8739
7661699 268594
2513571 940069
1197546 31294
2673773 348327
6280892 801153
9877443 463698
2484032 21623
6032275 316509
5405523 384114
6398689 825847
1064417 666026
9193190 674452
9491105 165902
9046003 337203
2724062 685379
9844034 916319
2015236 927175
3316882 21680
687456 575507
3579119 379901
4670363 76917
2899483 339105
1545270 992265
9310380 55125
2804560 532262
7584797 606390
8985009 414232
5960354 894652
2118745 309841
543403 334811
2458349 572903
7845649 520023
160707 178445
6565698 302356
4458254 911562
4653003 357193
5234214 241681
8149839 366133
8247833 937409
1204419 928299
9374294 970566
7171782 972739
4443072 990359
6536817 735814
4034398 299813
6660925 893421
3667251 995569
6208366 2326
2872350 71055
7914947 55115
6174126 371314
5111129 803253
5057911 956858
5126154 697351
5155646 138674
421979 357804
2296670 161847
96637 429285
3335763 641149
9214152 751727
9168665 815283
215488 921442
2111860 893049
3630453 20447
7409293 875900
8584518 160477
1555760 337242
8571715 592363
9155647 676624
500362 961332
5521357 530220
3264911 873714
3589125 784329
2198158 468078
178490 610027
7104392 639619
7818775 265667
5144612 473559
8820761 792759
9474009 924480
7164395 69826
6291182 202585
2462817 701166
6602772 521536
7082446 714087
8189383 986996
5358954 166281
5014099 621093
9039360 154862
338871 510054
8016578 302419
5736928 696084
3107734 529760
96844 281806
7320982 271854
4518900 192364
8500014 801593
2709439 287041
3545295 212318
2429233 497239
9404743 994073
8246059 356015
427731 524250
8727825 951549
8699886 920141
3547436 615100
6544384 392120
9037915 623708
3936190 262014
2269979 390650
8131989 449435
2931650 713138
2740686 402031
8809443 659635
6987483 13213
9048104 441692
9046742 823808
9936091 294050
3067327 478961
5464779 768527
607006 912632
5418666 692733
8074401 823981
325403 449306
326454 698775
3150756 830037
3385695 261268
8513250 758105
1326529 205175
2673733 533820
1257904 142322
9431290 351529
7243406 587369
5962982 376763
1199244 255332
3330112 453001
511865 250879
9747500 106192
7514457 532669
5344249 783192
3701080 736739
8824407 280337
9634662 830714
1694465 363754
4472999 608887
833468 638169
9193046 489505
9449965 478697
2031629 537706
5580059 863548
8416824 940502
2204608 638518
9017092 868286
8207032 16287
2377376 566249
2874166 69204
454454 85701
4368045 377878
5729693 360287
1411364 925317
4351543 831701
9797824 804020
8758952 865546
2514752 82194
4966907 60736
2001931 316723
8712926 313201
1122654 505128
2544909 907078
3122842 672652
4885876 604398
6904278 31572
1286108 377176
456691 162070
581507 570588
2854592 591549
6776467 300079
6502994 684507
9599176 83710
9802293 412987
2478852 332386
1373834 836798
9717476 862419
7427319 914366
1970740 493688
3158063 640939
6931479 947889
2824289 111363
3223325 858816
7600872 729651
583806 672083
8337524 11793
8929317 472058
336424 388275
2647659 928610
1062597 801457
9620766 603466
3377370 569176
8882969 408517
6778880 910149
4878502 265692
3022293 481675
6455989 604904
360884 989533
48783 626420
2021681 483206
4492173 831841
7351628 253817
6014348 808051
2306857 988660
9228214 893214
9892107 513889
222121 320944
8125449 185356
2009037 138626
7005618 667084
126358 582159
3582523 765966
5344083 545599
29879 827479
4235772 208178
2844770 888114
7780267 296712
9902393 516219
8594874 551144
145983 168942
2805269 590487
5892784 536038
501038 912870
4831918 760502
976947 584243
6539816 153254
4283393 454723
8414600 792849
3997409 772350
9683440 735690
1482787 690142
9677298 941016
9172592 104208
614489 94802
4754701 305401
9061935 741275
7044175 96830
3957512 480197
7555762 319061
3448784 895328
5057775 250686
7174337 968781
6431019 369801
989428 965022
4952297 789963
248961 952111
6099884 90921
8743294 566365
1165124 563588
1211666 93695
720689 437475
4255980 487698
5663615 74012
8541465 458545
8726678 802811
2987068 876137
562278 288052
1886347 117536
9587634 803513
603400 734445
5167611 898987
9638437 624213
2066132 567106
4800137 906838
1971956 229852
3171556 418070
8761709 572543
6880060 146229
7584971 104596
794858 694007
44215 789834
7633972 952481
9133941 323930
3444172 770650
6184496 550696
7888721 230579
4009168 156571
3432754 249533
2165750 614983
6893815 722999
2238950 188915
9051914 823813
4926690 914841
3315314 693771
5361862 58924
6266715 370997
9987096 971465
1972232 577146
9754234 112612
8161339 301680
7007234 437155
362820 913697
9956607 788886
6790662 747487
9828006 344964
5149833 54992
7502642 594507
3778252 63143
5905636 724659
2000794 472341
755792 522018
5362668 488407
5848705 552326
6977480 116965
7300467 834300
862221 455134
808901 356006
3184793 614359
8736763 48602
2047125 823770
1327364 894836
3365835 842045
8294894 763343
7522616 504242
3709813 715420
2161661 89385
3658040 589970
4783927 118049
760271 279118
4769873 891534
9457806 782254
1151723 407729
3137439 288767
1535073 999321
8763551 369222
9352569 44816
644887 159139
6379097 377894
5775256 957769
8177345 460903
6409937 972245
1876472 112040
166781 102595
6406368 37862
7419358 841549
9998749 67492
5937676 757956
140726 765838
3927952 672103
8972314 758875
5240409 386156
6835494 343345
8699258 427717
9280483 432487
8989744 836176
8098744 340964
9967938 246238
6560023 567149
9117435 945194
5436223 112697
4339847 677847
6808853 246504
6770816 606961
2384386 549628
16555 255909
8636333 625159
5687080 74666
6017760 62642
2388934 969131
9090607 723191
2550743 166885
2299877 842305
864168 269686
4714390 38846
8994348 726521
322710 226394
4115786 405799
7917958 667696
1066971 940857
4100160 575057
1671547 410641
7677948 112250
1181541 636149
4335737 862812
7370828 231373
8033395 300827
6482588 249003
8076301 735559
6146000 180015
8905597 43420
6947525 735583
6361096 687905
6038766 429218
3423071 582768
7080051 248279
4467429 470602
3179717 154796
8251464 546673
3605955 669283
2175249 412197
6165066 328853
9823962 163819
7069455 107935
6061211 707768
3955759 266874
9987551 582389
9687791 884470
6381115 96244
6586847 271585
525032 778746
296354 886020
5534249 603976
434288 472777
5817196 253010
5706349 87787
1885711 249176
4988281 772489
7317712 821783
3324300 296666
2543677 734512
1667165 900236
3157812 934631
50439 752312
1475734 589057
7216522 422090
3019111 428174
6173134 355268
4386351 141673
2429438 34259
8703121 278805
3699653 457288
9856473 737474
185590 533699
5590508 611044
3020125 276015
101160 716711
7389527 41534
2442332 721886
8756802 116351
9159225 992363
458744 644216
4597133 584757
378755 904208
474306 186678
8282840 158228
2406743 774257
5601207 68276
8389948 830075
9951769 20102
7639788 66342
5104798 949350
9461190 63943
1212875 715720
595401 609375
7038723 301908
3160258 275657
7273901 84844
6552221 388700
1569718 31186
4136418 200573
2894668 609225
9491487 366017
23453 78639
515587 459641
529587 377795
340536 254263
1317124 559446
9278984 706068
7260776 289201
436061 290471
7191364 889981
3093548 526083
3277151 379916
259515 72018
1857479 897164
675556 414383
5953370 465317
346529 705243
9036448 555260
5428967 860665
182574 457807
1336821 132944
2832180 946896
8404021 465087
9986783 245021
3651052 475027
9818757 615291
8601026 72627
6779306 146283
6493019 907494
1563049 371995
3384961 569513
6244676 673636
6237632 808029
6740866 533556
4994006 334723
7738342 154417
1874905 715956
3515818 127077
745489 497229
5626490 72224
6687191 891324
1265208 16463
7682976 694358
6155643 66660
9926142 916257
704459 836656
4191296 177575
3142965 971967
7865039 666051
8170113 156362
7451065 787322
4512214 109411
7904067 339099
6869677 338812
2263322 244124
5060457 651162
3971949 368820
8767611 181592
8110337 94714
4933739 957860
2331881 21281
7242097 189859
9060080 219203
8149530 800012
3367830 128828
8857132 657063
2968620 6222
7729634 189226
6023147 466026
8878168 54753
7796900 593031
7361877 492658
5854251 350182
4607093 502144
5859748 271557
6004765 395848
293345 398495
3287937 970194
5317238 156665
8696640 628753
8071062 928649
3012324 267939
5681369 991
6960988 355793
9868944 692699
904555 330450
50886 480858
4788531 219857
8039200 80210
4214597 57405
120233 187365
8923317 589256
7071844 918271
1797025 437183
7332234 824342
3870750 330549
1527511 986875
5263632 277645
4750549 424876
8194694 540254
3132553 505007
1846951 689519
1957429 20747
9375681 362194
1211083 868671
985873 346888
5054707 39651
9680428 110436
1178323 24743
6962795 758301
1016446 450647
8482704 397973
363959 546344
5765891 826186
9533249 825551
2021275 350438
8658887 529933
8771448 998225
9268968 95481
4795853 173880
3584819 747891
2383349 542164
6772323 358556
994457 297203
2162673 66910
281225 842071
6849835 579684
9737284 195954
8469374 167293
7135860 903451
4494545 650135
2536763 13788
6643451 32291
6126546 871689
6900474 646635
2121371 394581
3338753 104867
71400 500233
8229275 776259
2930130 192223
2669717 903639
8802983 857902
2303165 245014
1778157 759609
2215726 537136
1682386 402796
6269202 564203
1906875 364162
9396831 382833
4661221 107732
2547610 531119
1515361 9013
3000319 389858
5932567 814047
7075715 58878
2391471 500569
7931521 714287
6887002 148680
7299353 444254
2836698 387468
8766298 102427
1751100 641219
1836642 991069
2581571 569412
1518127 779279
1759740 797256
9635158 826278
4826060 29677
4782725 90427
1899106 974525
2685622 722398
2798974 88917
8455794 277212
628124 347851
8784527 993950
1159391 62893
9439073 21142
4676153 537552
2721513 756492
5931242 502922
2918617 580783
9297520 659479
1686458 636532
434971 630983
9188906 530944
5058812 182079
4126183 683418
9684238 531418
8646815 905298
7052602 623033
7413417 749901
6982686 681656
847213 505374
8824912 537477
8211174 682169
6248910 963192
4894723 929025
3134610 223043
9450989 257133
957147 476811
4146514 776484
4705608 409348
6693675 555395
9466545 298452
8506613 5856
2545436 815603
865092 69539
9494224 645138
7835117 781264
6445432 488345
807977 168784
9948449 549230
3359099 366147
184577 550361
5849373 726724
212349 145536
4870375 475539
2125370 697314
8644157 510096
6784374 895315
6875736 869980
5122796 859182
1875844 897595
3565927 25732
3409984 225534
8973722 431429
395672 869836
8956430 589694
6716752 601953
8021339 268672
1554756 868411
5840899 501768
2698321 165517
5325122 71764
454300 366070
7267249 834251
3586923 828252
9997147 172377
6997585 284621
9659189 410562
1988830 993765
9677057 518382
5999502 302552
1449754 233281
2051137 872065
5708039 595314
2732528 91513
6472152 559617
1765245 844084
818785 154359
7941597 47595
29354 106919
2670013 708018
42619 434700
4885667 637536
9415229 287621
7736473 580628
2596700 652456
2736077 101272
6769779 565725
7787678 390948
3138702 730607
4456573 513583
3772040 481549
6263537 511427
7082527 665819
695349 125640
8787779 877877
4427318 238221
3363658 619956
2563697 910428
7231760 453771
231204 974280
4286758 958340
1768619 156400
5356782 186016
4807113 696020
7424838 646401
8354394 525212
9800137 313312
9300249 16710
3547190 790115
418988 110384
8472718 932598
36635 871550
3206382 354094
6235895 563506
9915434 618152
596602 593090
2022573 432337
7121383 61382
4028464 126286
5022541 377047
1965916 652229
8837254 597690
1559607 196186
8587598 650455
4022293 245986
1178476 466718
500967 586645
9271637 953914
9604051 136683
3557040 972664
1149016 27174
9809140 124142
8996718 487854
5488221 796080
2695280 766648
8633370 362517
4018096 578424
453366 499025
1248608 685599
1137238 917229
3134757 743682
4486325 228607
2397042 92041
6519093 747391
8250066 528519
4451950 965833
1535448 883166
8320753 854666
8359588 189963
6636813 669028
8216500 928823
2560654 168061
2297162 59748
1920643 689792
7447082 479215
344790 75959
4574410 218798
9143195 521036
5263374 773627
4469721 674429
6184831 418557
8801462 243905
1416520 767937
3719838 333701
1945587 97065
592399 781290
7219811 63027
9186630 788805
844556 419772
2107432 21194
1153843 542125
1886768 306784
3284589 908623
8897405 420067
1959600 83842
5385818 228553
3397609 434560
8547369 820132
6954970 6323
8699119 505599
2083105 73381
7619194 221735
458272 77665
6993330 94726
9374107 285047
5574081 429007
6913169 642279
1150976 705815
3670989 89376
1171509 426727
2221692 838838
4030943 134004
791007 826568
2534640 799204
4373488 830927
4736454 987553
9562030 398873
8546640 972099
2407812 150038
4050208 275534
81589 199773
9963872 4867
9003961 333307
6139983 386941
2858128 362376
561068 867891
3613710 847365
3072429 864138
7493351 331797
1740626 859068
4445831 437216
7467741 564930
8409164 949227
5501713 3153
5398808 497610
9459372 302143
1886213 528554
1607678 790752
6376195 387718
4618658 682872
4630401 377688
6595021 245807
2300818 496939
3579338 306120
3418144 582906
271335 598712
7076090 141020
5815022 140111
7540844 437310
1456139 716329
481958 201184
9295312 359639
4977574 850440
3988056 896272
7147779 625512
1322034 186502
4255278 290546
2884763 100742
6048735 88616
8025705 506872
6325663 694263
6616904 255377
4880806 534610
8168874 340570
9527936 762526
3351721 503181
683594 812927
1810070 193087
3281176 652731
8600683 344673
6165392 490646
7118669 972684
6643354 65707
1593199 246217
1826098 543606
6866528 970888
113309 987396
7306479 927507
208758 159750
4501081 358135
8916646 837015
6380408 63142
7493525 86295
1344297 798522
4222029 364451
779509 118948
8942985 534668
6337382 409894
197410 420471
232099 593182
8722786 255801
8589545 988097
9088453 578994
2431307 498318
2314640 19097
1467019 533609
4646434 845935
9172250 103524
8222047 977534
1022600 154533
4450498 825413
1871277 582756
8246425 621674
9728374 536326
8199180 648428
6496275 662344
7267769 360226
5368548 561330
7159212 979230
5819731 55704
3784020 340626
2458237 719170
9019032 197378
2460 648203
7208261 767337
8068735 152679
8297560 719379
6761002 887395
101827 717934
7663993 963791
8720688 228855
508765 224741
5118315 685783
5736141 726495
9976634 168205
1197626 18887
1484907 101922
2519182 111376
1983564 867265
2795556 648051
6245597 469867
3550 120206
1203123 489606
8687102 426182
9513778 280401
8222519 819580
1605116 158921
4959497 3886
6801940 31153
3239334 262118
2407802 740071